8.653846153846153300e+00
1.538461538461538503e+01
2.692307692307692335e+01
3.942307692307691980e+01
4.519230769230769340e+01
4.903846153846154010e+01
5.192307692307691980e+01
5.769230769230769340e+01
6.730769230769230660e+01
7.596153846153846700e+01
7.788461538461538680e+01
7.884615384615383959e+01
8.076923076923077360e+01
7.884615384615383959e+01
7.788461538461538680e+01
7.980769230769230660e+01
7.884615384615383959e+01
8.076923076923077360e+01
8.173076923076922640e+01
8.173076923076922640e+01
8.365384615384616041e+01
8.269230769230769340e+01
8.557692307692308020e+01
8.653846153846153300e+01
8.653846153846153300e+01
8.750000000000000000e+01
8.750000000000000000e+01
8.750000000000000000e+01
8.461538461538461320e+01
8.461538461538461320e+01
8.269230769230769340e+01
8.365384615384616041e+01
8.365384615384616041e+01
8.076923076923077360e+01
8.461538461538461320e+01
8.365384615384616041e+01
8.365384615384616041e+01
8.269230769230769340e+01
8.269230769230769340e+01
8.173076923076922640e+01
8.269230769230769340e+01
8.365384615384616041e+01
8.269230769230769340e+01
8.173076923076922640e+01
8.269230769230769340e+01
8.076923076923077360e+01
8.076923076923077360e+01
8.076923076923077360e+01
8.076923076923077360e+01
8.076923076923077360e+01
8.076923076923077360e+01
8.076923076923077360e+01
8.076923076923077360e+01
8.076923076923077360e+01
8.076923076923077360e+01
8.076923076923077360e+01
8.076923076923077360e+01
8.076923076923077360e+01
8.076923076923077360e+01
8.076923076923077360e+01
8.076923076923077360e+01
8.076923076923077360e+01
8.076923076923077360e+01
8.076923076923077360e+01
8.076923076923077360e+01
8.076923076923077360e+01
8.076923076923077360e+01
8.076923076923077360e+01
8.076923076923077360e+01
8.076923076923077360e+01
8.076923076923077360e+01
8.076923076923077360e+01
8.076923076923077360e+01
8.076923076923077360e+01
8.076923076923077360e+01
8.076923076923077360e+01
8.076923076923077360e+01
8.076923076923077360e+01
8.076923076923077360e+01
8.076923076923077360e+01
8.076923076923077360e+01
8.076923076923077360e+01
8.076923076923077360e+01
8.076923076923077360e+01
8.076923076923077360e+01
8.076923076923077360e+01
8.076923076923077360e+01
8.076923076923077360e+01
8.076923076923077360e+01
8.076923076923077360e+01
8.076923076923077360e+01
8.076923076923077360e+01
8.076923076923077360e+01
8.076923076923077360e+01
8.076923076923077360e+01
8.076923076923077360e+01
8.076923076923077360e+01
8.076923076923077360e+01
8.076923076923077360e+01
8.076923076923077360e+01
8.076923076923077360e+01
8.076923076923077360e+01
8.076923076923077360e+01
8.076923076923077360e+01
8.076923076923077360e+01
8.076923076923077360e+01
8.076923076923077360e+01
8.076923076923077360e+01
8.076923076923077360e+01
8.076923076923077360e+01
8.076923076923077360e+01
8.076923076923077360e+01
8.076923076923077360e+01
8.076923076923077360e+01
8.076923076923077360e+01
8.076923076923077360e+01
8.076923076923077360e+01
8.076923076923077360e+01
8.076923076923077360e+01
8.076923076923077360e+01
8.076923076923077360e+01
8.076923076923077360e+01
8.076923076923077360e+01
8.076923076923077360e+01
8.076923076923077360e+01
8.076923076923077360e+01
8.076923076923077360e+01
8.076923076923077360e+01
8.076923076923077360e+01
8.076923076923077360e+01
8.076923076923077360e+01
8.076923076923077360e+01
8.076923076923077360e+01
8.076923076923077360e+01
8.076923076923077360e+01
8.076923076923077360e+01
8.076923076923077360e+01
8.076923076923077360e+01
8.076923076923077360e+01
8.076923076923077360e+01
8.076923076923077360e+01
8.076923076923077360e+01
8.076923076923077360e+01
8.076923076923077360e+01
8.076923076923077360e+01
8.076923076923077360e+01
8.076923076923077360e+01
8.076923076923077360e+01
8.076923076923077360e+01
8.076923076923077360e+01
8.076923076923077360e+01
8.076923076923077360e+01
8.076923076923077360e+01
8.076923076923077360e+01
8.076923076923077360e+01
8.076923076923077360e+01
8.076923076923077360e+01
8.076923076923077360e+01
8.076923076923077360e+01
8.076923076923077360e+01
8.076923076923077360e+01
8.076923076923077360e+01
8.076923076923077360e+01
8.076923076923077360e+01
8.076923076923077360e+01
8.076923076923077360e+01
8.076923076923077360e+01
8.076923076923077360e+01
8.076923076923077360e+01
8.076923076923077360e+01
8.076923076923077360e+01
8.076923076923077360e+01
8.076923076923077360e+01
8.076923076923077360e+01
8.076923076923077360e+01
8.076923076923077360e+01
8.076923076923077360e+01
8.076923076923077360e+01
8.076923076923077360e+01
8.076923076923077360e+01
8.076923076923077360e+01
8.076923076923077360e+01
8.076923076923077360e+01
8.076923076923077360e+01
8.076923076923077360e+01
8.076923076923077360e+01
8.076923076923077360e+01
8.076923076923077360e+01
8.076923076923077360e+01
8.076923076923077360e+01
8.076923076923077360e+01
8.076923076923077360e+01
8.076923076923077360e+01
8.076923076923077360e+01
8.076923076923077360e+01
8.076923076923077360e+01
8.076923076923077360e+01
8.076923076923077360e+01
8.076923076923077360e+01
8.076923076923077360e+01
8.076923076923077360e+01
8.076923076923077360e+01
8.076923076923077360e+01
8.076923076923077360e+01
8.076923076923077360e+01
8.076923076923077360e+01
8.076923076923077360e+01
8.076923076923077360e+01
8.076923076923077360e+01
8.076923076923077360e+01
8.076923076923077360e+01
8.076923076923077360e+01
8.076923076923077360e+01
8.076923076923077360e+01
8.076923076923077360e+01
8.076923076923077360e+01
8.076923076923077360e+01
8.076923076923077360e+01
8.076923076923077360e+01
8.076923076923077360e+01
8.076923076923077360e+01
8.076923076923077360e+01
8.076923076923077360e+01
8.076923076923077360e+01
8.076923076923077360e+01
8.076923076923077360e+01
8.076923076923077360e+01
8.076923076923077360e+01
8.076923076923077360e+01
8.076923076923077360e+01
8.076923076923077360e+01
8.076923076923077360e+01
8.076923076923077360e+01
8.076923076923077360e+01
8.076923076923077360e+01
8.076923076923077360e+01
8.076923076923077360e+01
8.076923076923077360e+01
8.076923076923077360e+01
8.076923076923077360e+01
8.076923076923077360e+01
8.076923076923077360e+01
8.076923076923077360e+01
8.076923076923077360e+01
8.076923076923077360e+01
8.076923076923077360e+01
8.076923076923077360e+01
8.076923076923077360e+01
8.076923076923077360e+01
8.076923076923077360e+01
8.076923076923077360e+01
8.076923076923077360e+01
8.076923076923077360e+01
8.076923076923077360e+01
8.076923076923077360e+01
8.076923076923077360e+01
8.076923076923077360e+01
8.076923076923077360e+01
8.076923076923077360e+01
8.076923076923077360e+01
8.076923076923077360e+01
8.076923076923077360e+01
8.076923076923077360e+01
8.076923076923077360e+01
8.076923076923077360e+01
8.076923076923077360e+01
8.076923076923077360e+01
8.076923076923077360e+01
8.076923076923077360e+01
8.076923076923077360e+01
8.076923076923077360e+01
8.076923076923077360e+01
8.076923076923077360e+01
8.076923076923077360e+01
8.076923076923077360e+01
8.076923076923077360e+01
8.076923076923077360e+01
8.076923076923077360e+01
8.076923076923077360e+01
8.076923076923077360e+01
8.076923076923077360e+01
8.076923076923077360e+01
8.076923076923077360e+01
8.076923076923077360e+01
8.076923076923077360e+01
8.076923076923077360e+01
8.076923076923077360e+01
8.076923076923077360e+01
8.076923076923077360e+01
8.076923076923077360e+01
8.076923076923077360e+01
8.076923076923077360e+01
8.076923076923077360e+01
8.076923076923077360e+01
8.076923076923077360e+01
8.076923076923077360e+01
8.076923076923077360e+01
8.076923076923077360e+01
8.076923076923077360e+01
8.076923076923077360e+01
8.076923076923077360e+01
8.076923076923077360e+01
8.076923076923077360e+01
8.076923076923077360e+01
8.076923076923077360e+01
8.076923076923077360e+01
8.076923076923077360e+01
8.076923076923077360e+01
8.076923076923077360e+01
8.076923076923077360e+01
8.076923076923077360e+01
8.076923076923077360e+01
8.076923076923077360e+01
8.076923076923077360e+01
8.076923076923077360e+01
8.076923076923077360e+01
8.076923076923077360e+01
8.076923076923077360e+01
8.076923076923077360e+01
8.076923076923077360e+01
8.076923076923077360e+01
8.076923076923077360e+01
8.076923076923077360e+01
8.076923076923077360e+01
8.076923076923077360e+01
8.076923076923077360e+01
8.076923076923077360e+01
8.076923076923077360e+01
8.076923076923077360e+01
8.076923076923077360e+01
8.076923076923077360e+01
8.076923076923077360e+01
8.076923076923077360e+01
8.076923076923077360e+01
8.076923076923077360e+01
8.076923076923077360e+01
8.076923076923077360e+01
8.076923076923077360e+01
8.076923076923077360e+01
8.076923076923077360e+01
8.076923076923077360e+01
8.076923076923077360e+01
8.076923076923077360e+01
8.076923076923077360e+01
8.076923076923077360e+01
8.076923076923077360e+01
8.076923076923077360e+01
8.076923076923077360e+01
8.076923076923077360e+01
8.076923076923077360e+01
8.076923076923077360e+01
8.076923076923077360e+01
8.076923076923077360e+01
8.076923076923077360e+01
8.076923076923077360e+01
8.076923076923077360e+01
8.076923076923077360e+01
8.076923076923077360e+01
8.076923076923077360e+01
8.076923076923077360e+01
8.076923076923077360e+01
8.076923076923077360e+01
8.076923076923077360e+01
8.076923076923077360e+01
8.076923076923077360e+01
8.076923076923077360e+01
8.076923076923077360e+01
8.076923076923077360e+01
8.076923076923077360e+01
8.076923076923077360e+01
8.076923076923077360e+01
8.076923076923077360e+01
8.076923076923077360e+01
8.076923076923077360e+01
8.076923076923077360e+01
8.076923076923077360e+01
8.076923076923077360e+01
8.076923076923077360e+01
8.076923076923077360e+01
8.076923076923077360e+01
8.076923076923077360e+01
8.076923076923077360e+01
8.076923076923077360e+01
8.076923076923077360e+01
8.076923076923077360e+01
8.076923076923077360e+01
8.076923076923077360e+01
8.076923076923077360e+01
8.076923076923077360e+01
8.076923076923077360e+01
8.076923076923077360e+01
8.076923076923077360e+01
8.076923076923077360e+01
8.076923076923077360e+01
8.076923076923077360e+01
8.076923076923077360e+01
8.076923076923077360e+01
8.076923076923077360e+01
8.076923076923077360e+01
8.076923076923077360e+01
8.076923076923077360e+01
8.076923076923077360e+01
8.076923076923077360e+01
8.076923076923077360e+01
8.076923076923077360e+01
8.076923076923077360e+01
8.076923076923077360e+01
8.076923076923077360e+01
8.076923076923077360e+01
8.076923076923077360e+01
8.076923076923077360e+01
8.076923076923077360e+01
8.076923076923077360e+01
8.076923076923077360e+01
8.076923076923077360e+01
8.076923076923077360e+01
