6.730769230769230838e+00
5.769230769230769162e+00
9.615384615384614975e+00
2.307692307692307665e+01
3.076923076923077005e+01
3.076923076923077005e+01
3.269230769230769340e+01
3.557692307692308020e+01
4.038461538461538680e+01
4.038461538461538680e+01
4.519230769230769340e+01
5.000000000000000000e+01
4.903846153846154010e+01
5.384615384615384670e+01
5.673076923076923350e+01
5.961538461538461320e+01
6.250000000000000000e+01
6.346153846153845990e+01
5.865384615384615330e+01
6.442307692307691980e+01
6.826923076923077360e+01
6.923076923076922640e+01
6.923076923076922640e+01
6.826923076923077360e+01
6.923076923076922640e+01
6.923076923076922640e+01
6.923076923076922640e+01
7.307692307692308020e+01
7.307692307692308020e+01
7.403846153846153300e+01
7.596153846153846700e+01
7.403846153846153300e+01
7.115384615384616041e+01
7.307692307692308020e+01
7.596153846153846700e+01
7.307692307692308020e+01
7.692307692307691980e+01
7.596153846153846700e+01
7.500000000000000000e+01
7.403846153846153300e+01
7.307692307692308020e+01
7.788461538461538680e+01
7.980769230769230660e+01
8.076923076923077360e+01
8.269230769230769340e+01
8.173076923076922640e+01
8.076923076923077360e+01
8.076923076923077360e+01
7.980769230769230660e+01
8.269230769230769340e+01
8.173076923076922640e+01
7.980769230769230660e+01
8.076923076923077360e+01
8.173076923076922640e+01
7.788461538461538680e+01
8.076923076923077360e+01
8.173076923076922640e+01
8.173076923076922640e+01
8.173076923076922640e+01
8.076923076923077360e+01
7.211538461538461320e+01
7.788461538461538680e+01
7.596153846153846700e+01
8.269230769230769340e+01
7.596153846153846700e+01
7.788461538461538680e+01
8.076923076923077360e+01
7.596153846153846700e+01
7.211538461538461320e+01
7.500000000000000000e+01
7.692307692307691980e+01
7.403846153846153300e+01
7.403846153846153300e+01
7.307692307692308020e+01
7.500000000000000000e+01
6.923076923076922640e+01
7.884615384615383959e+01
7.596153846153846700e+01
7.692307692307691980e+01
7.692307692307691980e+01
7.788461538461538680e+01
7.211538461538461320e+01
7.211538461538461320e+01
7.403846153846153300e+01
7.115384615384616041e+01
7.500000000000000000e+01
7.115384615384616041e+01
7.500000000000000000e+01
6.634615384615383959e+01
6.826923076923077360e+01
7.596153846153846700e+01
6.730769230769230660e+01
7.307692307692308020e+01
7.115384615384616041e+01
7.403846153846153300e+01
7.596153846153846700e+01
7.403846153846153300e+01
7.115384615384616041e+01
7.019230769230769340e+01
7.019230769230769340e+01
7.403846153846153300e+01
6.923076923076922640e+01
6.153846153846154010e+01
6.250000000000000000e+01
6.346153846153845990e+01
7.307692307692308020e+01
6.634615384615383959e+01
7.115384615384616041e+01
6.346153846153845990e+01
6.634615384615383959e+01
7.115384615384616041e+01
6.442307692307691980e+01
6.442307692307691980e+01
6.826923076923077360e+01
7.115384615384616041e+01
6.346153846153845990e+01
6.057692307692308020e+01
6.250000000000000000e+01
6.057692307692308020e+01
6.250000000000000000e+01
5.961538461538461320e+01
5.961538461538461320e+01
5.769230769230769340e+01
6.730769230769230660e+01
5.865384615384615330e+01
6.057692307692308020e+01
5.769230769230769340e+01
6.538461538461538680e+01
5.865384615384615330e+01
6.346153846153845990e+01
6.250000000000000000e+01
5.865384615384615330e+01
5.576923076923076650e+01
6.153846153846154010e+01
6.346153846153845990e+01
5.673076923076923350e+01
5.673076923076923350e+01
5.288461538461538680e+01
5.769230769230769340e+01
5.673076923076923350e+01
6.153846153846154010e+01
5.576923076923076650e+01
6.153846153846154010e+01
5.480769230769230660e+01
5.576923076923076650e+01
5.000000000000000000e+01
5.673076923076923350e+01
5.769230769230769340e+01
6.153846153846154010e+01
5.384615384615384670e+01
4.903846153846154010e+01
5.192307692307691980e+01
5.480769230769230660e+01
5.192307692307691980e+01
5.096153846153845990e+01
4.615384615384615330e+01
5.096153846153845990e+01
5.769230769230769340e+01
5.000000000000000000e+01
4.903846153846154010e+01
5.769230769230769340e+01
4.903846153846154010e+01
4.519230769230769340e+01
4.230769230769230660e+01
5.192307692307691980e+01
4.615384615384615330e+01
4.807692307692308020e+01
5.288461538461538680e+01
4.519230769230769340e+01
5.096153846153845990e+01
4.807692307692308020e+01
4.807692307692308020e+01
4.038461538461538680e+01
4.326923076923076650e+01
4.711538461538461320e+01
5.384615384615384670e+01
4.615384615384615330e+01
4.519230769230769340e+01
4.519230769230769340e+01
3.942307692307691980e+01
4.711538461538461320e+01
3.942307692307691980e+01
4.615384615384615330e+01
4.519230769230769340e+01
4.423076923076923350e+01
4.230769230769230660e+01
4.711538461538461320e+01
5.096153846153845990e+01
4.807692307692308020e+01
4.134615384615384670e+01
4.134615384615384670e+01
3.365384615384615330e+01
4.519230769230769340e+01
4.326923076923076650e+01
4.038461538461538680e+01
4.134615384615384670e+01
3.846153846153845990e+01
4.038461538461538680e+01
4.038461538461538680e+01
3.942307692307691980e+01
4.038461538461538680e+01
4.230769230769230660e+01
3.653846153846154010e+01
4.326923076923076650e+01
3.942307692307691980e+01
3.461538461538461320e+01
4.326923076923076650e+01
3.653846153846154010e+01
3.942307692307691980e+01
4.519230769230769340e+01
3.750000000000000000e+01
3.750000000000000000e+01
4.038461538461538680e+01
3.750000000000000000e+01
4.711538461538461320e+01
4.807692307692308020e+01
3.557692307692308020e+01
3.846153846153845990e+01
3.942307692307691980e+01
4.134615384615384670e+01
4.134615384615384670e+01
4.134615384615384670e+01
3.653846153846154010e+01
3.750000000000000000e+01
3.557692307692308020e+01
4.134615384615384670e+01
3.269230769230769340e+01
4.423076923076923350e+01
3.750000000000000000e+01
4.038461538461538680e+01
4.423076923076923350e+01
3.846153846153845990e+01
4.423076923076923350e+01
3.269230769230769340e+01
3.750000000000000000e+01
3.942307692307691980e+01
3.750000000000000000e+01
3.653846153846154010e+01
3.653846153846154010e+01
3.750000000000000000e+01
3.365384615384615330e+01
3.365384615384615330e+01
3.365384615384615330e+01
3.846153846153845990e+01
3.846153846153845990e+01
4.134615384615384670e+01
3.365384615384615330e+01
4.326923076923076650e+01
3.653846153846154010e+01
3.846153846153845990e+01
3.846153846153845990e+01
4.038461538461538680e+01
3.846153846153845990e+01
3.365384615384615330e+01
3.653846153846154010e+01
3.846153846153845990e+01
3.365384615384615330e+01
3.653846153846154010e+01
3.653846153846154010e+01
3.942307692307691980e+01
3.846153846153845990e+01
3.653846153846154010e+01
3.750000000000000000e+01
3.846153846153845990e+01
3.750000000000000000e+01
3.461538461538461320e+01
3.461538461538461320e+01
3.557692307692308020e+01
3.461538461538461320e+01
3.557692307692308020e+01
3.846153846153845990e+01
4.326923076923076650e+01
3.653846153846154010e+01
3.557692307692308020e+01
3.557692307692308020e+01
3.653846153846154010e+01
4.038461538461538680e+01
3.846153846153845990e+01
3.750000000000000000e+01
3.173076923076922995e+01
3.269230769230769340e+01
4.230769230769230660e+01
3.846153846153845990e+01
4.038461538461538680e+01
2.788461538461538325e+01
3.557692307692308020e+01
3.076923076923077005e+01
2.884615384615384670e+01
3.557692307692308020e+01
2.980769230769230660e+01
3.269230769230769340e+01
3.750000000000000000e+01
3.365384615384615330e+01
3.365384615384615330e+01
3.653846153846154010e+01
3.846153846153845990e+01
3.846153846153845990e+01
3.269230769230769340e+01
3.269230769230769340e+01
2.884615384615384670e+01
3.461538461538461320e+01
3.173076923076922995e+01
3.557692307692308020e+01
3.942307692307691980e+01
2.884615384615384670e+01
3.461538461538461320e+01
3.269230769230769340e+01
3.942307692307691980e+01
3.653846153846154010e+01
3.653846153846154010e+01
3.173076923076922995e+01
3.942307692307691980e+01
3.653846153846154010e+01
3.461538461538461320e+01
2.884615384615384670e+01
3.269230769230769340e+01
3.365384615384615330e+01
3.076923076923077005e+01
3.173076923076922995e+01
3.557692307692308020e+01
3.461538461538461320e+01
3.269230769230769340e+01
3.365384615384615330e+01
3.461538461538461320e+01
3.365384615384615330e+01
3.365384615384615330e+01
3.269230769230769340e+01
3.750000000000000000e+01
3.269230769230769340e+01
4.230769230769230660e+01
3.173076923076922995e+01
3.557692307692308020e+01
4.230769230769230660e+01
3.750000000000000000e+01
3.269230769230769340e+01
3.365384615384615330e+01
3.461538461538461320e+01
3.173076923076922995e+01
2.884615384615384670e+01
3.269230769230769340e+01
3.750000000000000000e+01
3.076923076923077005e+01
3.173076923076922995e+01
2.980769230769230660e+01
3.365384615384615330e+01
3.076923076923077005e+01
3.557692307692308020e+01
3.173076923076922995e+01
3.461538461538461320e+01
3.750000000000000000e+01
3.653846153846154010e+01
3.846153846153845990e+01
3.076923076923077005e+01
4.134615384615384670e+01
3.653846153846154010e+01
3.942307692307691980e+01
3.557692307692308020e+01
2.980769230769230660e+01
3.461538461538461320e+01
2.980769230769230660e+01
3.269230769230769340e+01
3.461538461538461320e+01
2.980769230769230660e+01
2.980769230769230660e+01
3.653846153846154010e+01
4.134615384615384670e+01
3.173076923076922995e+01
2.788461538461538325e+01
2.884615384615384670e+01
3.557692307692308020e+01
3.653846153846154010e+01
3.750000000000000000e+01
4.326923076923076650e+01
3.942307692307691980e+01
3.653846153846154010e+01
3.173076923076922995e+01
4.134615384615384670e+01
2.884615384615384670e+01
3.942307692307691980e+01
3.942307692307691980e+01
3.269230769230769340e+01
3.365384615384615330e+01
3.173076923076922995e+01
3.269230769230769340e+01
3.750000000000000000e+01
3.653846153846154010e+01
2.980769230769230660e+01
3.653846153846154010e+01
3.365384615384615330e+01
2.884615384615384670e+01
3.942307692307691980e+01
3.173076923076922995e+01
3.653846153846154010e+01
3.653846153846154010e+01
2.980769230769230660e+01
3.942307692307691980e+01
3.269230769230769340e+01
3.173076923076922995e+01
3.365384615384615330e+01
3.942307692307691980e+01
3.269230769230769340e+01
3.173076923076922995e+01
3.557692307692308020e+01
3.461538461538461320e+01
3.173076923076922995e+01
4.038461538461538680e+01
3.846153846153845990e+01
3.750000000000000000e+01
3.461538461538461320e+01
3.750000000000000000e+01
3.653846153846154010e+01
3.076923076923077005e+01
4.038461538461538680e+01
3.269230769230769340e+01
3.365384615384615330e+01
3.653846153846154010e+01
